"V1" "V2" "V3" "V4"
0.0397242952640328 0.0782273339170682 0.0644532001693415 0.144846086881532
0.058759015630747 0.0595182834406972 0.0407191699316136 0.0954202038300688
0.0654988508496645 0.0985756519028648 0.0761350933951428 0.0988327625204203
0.095358596954796 0.081650735050416 0.0507199739317241 0.0670597074212541
0.109591069953074 0.0557377772728424 0.0311587519605525 0.0630911430431595
0.0521923612757028 0.0698050194634903 0.0436789582962913 0.0572177793787817
0.135601296899098 0.0900318747416012 0.0746117843534885 0.0876448111926049
0.0710071202361204 0.0493220210533266 0.0426052890586282 0.0707355696634471
0.0837405356800607 0.0805971334126708 0.0456098578776531 0.0887342065251845
0.0864588731837722 0.0582280290669112 0.0223616810010409 0.0711219197245238
0.0640077110959301 0.0836565371151925 0.0408407329541877 0.0897762694045095
0.0887327668260028 0.064820281754494 0.0455109175329655 0.0886292961989712
0.0888422778581072 0.083874231998252 0.0332694884566626 0.072609098762424
0.0876001177951594 0.0728617790273564 0.0669176350535897 0.0509156614396028
0.0525578724040355 0.0620413107539895 0.0500406974098243 0.0715135358530637
0.138673784271605 0.065908794644065 0.0554312002969529 0.105046407277645
0.0719146815022741 0.0588618640308264 0.0673445126959787 0.0724406794849079
0.0496180738962861 0.0409839161249221 0.0471471933211465 0.0739268947209458
0.0503827155838769 0.0480073812052438 0.0705127170821607 0.064860102101861
0.0867746394559878 0.059115927816601 0.0914678011961782 0.0732213825611059
0.0593134592931223 0.100765862032723 0.0686225409279438 0.109683433214869
0.093280757911214 0.0637421739736274 0.0466343141683945 0.0895950886160842
0.0355344536150098 0.0666192960598038 0.0433636354616116 0.107164926677172
0.104213068487107 0.0669270387685153 0.0426364505245514 0.0716755241022822
0.0819480246416906 0.0606149924768129 0.0625465476243887 0.107251503589213
0.0295199686663419 0.0721505502403319 0.0483254199966577 0.09762622282299
0.0824763232816222 0.0350478217098849 0.0552544368139086 0.0374005742278848
0.0399437973906198 0.0817938757068463 0.0588498076578378 0.10382476212639
0.0718399153236063 0.0544993316838722 0.0728659595132169 0.0625487479773227
0.0506536416064781 0.0413328009499208 0.045090162344876 0.0590028259476625
0.082705955480472 0.0940729706927974 0.0820001334716585 0.0976798946918018
0.0842375731788166 0.0934795438466586 0.089908695250395 0.090212341242151
0.0536544064069435 0.0753163628909069 0.0507732401406048 0.105089311963461
0.10353108896196 0.055887372352763 0.0306550466888838 0.0735024831547035
0.095088841936569 0.0975987525527754 0.0236570513129831 0.0584219012207561
0.081880823593713 0.0644536931527084 0.0366443894810247 0.0864332608155266
0.0842567447600586 0.0742108062953457 0.0420519522478246 0.069840286798314
0.116010085576375 0.0876050339401497 0.0670226489309958 0.143966692169457
0.114239688433816 0.0828310834189154 0.0591913328528706 0.0599586289347424
0.0789072331801356 0.0856548579091875 0.080135564938816 0.0623836386273008
0.07742378673311 0.0603344796823549 0.0510986099920802 0.0826077789795052
0.0769491032055511 0.0694348166542379 0.0697706138308219 0.0853285817830394
0.110562139808473 0.0957737341435164 0.0736756083392363 0.154474861096135
0.102367699616978 0.0905606339531445 0.0912398749337185 0.134199161241577
0.120051777475451 0.0923872227825789 0.050365520882678 0.150383968241649
0.0205995580794827 0.0817811975896858 0.0509130152586579 0.0665897628500912
0.144305889145069 0.0194901341867687 0.0461816971007572 0.102587913790084
0.0320571980629947 0.11226987378059 0.0400168605263827 0.127942625108325
0.117391953363764 0.0924826906474468 0.0823678494593001 0.125496051732379
0.0340792728816988 0.112668830813441 0.0530680950982291 0.134763909942048
0.0693857303391912 0.0916197995765275 0.0835550266031924 0.10124645838783
0.0518117166001591 0.0841686243427121 0.0570132314520887 0.104715178219062
0.10495364386707 0.0596683247095089 0.0411662601059673 0.0569680720939919
0.11382124599352 0.0885879965017544 0.0564415519240013 0.0507120556840432
0.0870421030364525 0.055585390967273 0.0630883526259597 0.0655755092967497
0.0884528868860605 0.0703685062166446 0.0472863111184942 0.065464684718992
0.0766236076737571 0.0829819140745757 0.0548395419056918 0.0765657060860033
0.0618315454936684 0.0664175803168682 0.0471053104124726 0.0644111915031646
0.0721482458785785 0.0866665301301875 0.0355003259094338 0.0977413987728991
0.0746361451168293 0.0995166977617181 0.101139342609397 0.0893089873097624
0.0788318709815677 0.0720872535105527 0.0396308783786188 0.0530876092959043
0.060647901294359 0.0678877425841353 0.0670214314635787 0.0979353733929942
0.0477815131234001 0.0818731546990668 0.0398899299124283 0.0842503413088322
0.0676254862561494 0.0614240705004875 0.0640853917178644 0.0530852151588893
0.0479639022925894 0.109851236998286 0.0735891499081926 0.114695852553885
0.0936705183672518 0.0763156449360631 0.0474065286730348 0.0695944827843387
0.0767128165553989 0.0490481958479081 0.0550619401588825 0.0834519152397626
0.0240485289409328 0.0818659873887024 0.0522747226690421 0.0906895167601573
0.0740030139536962 0.0760282800319932 0.101141555182017 0.122948359652401
0.0887062063390447 0.0599474233845047 0.0492593024290989 0.0878379129233035
0.0766574735607722 0.0843337062032534 0.0491847922443567 0.0967260383340705
0.0672623562391667 0.0703763387191079 0.0495649771996127 0.0849099273541896
0.0588800092374035 0.0847699807022994 0.056720922064478 0.0997254869350335
0.0806095727830998 0.0721480490660698 0.0289882227531855 0.0633535393567099
0.055785778683496 0.101730978382149 0.0419580821791745 0.0955440150155472
0.0876957228849043 0.0404621688797331 0.0495725410218276 0.0395551276065982
0.0891246505411693 0.0485313624082357 0.0258081672725496 0.0889140704870457
0.0439326199424394 0.050989219665975 0.092968876595456 0.0900915543490477
0.0512405250322586 0.100124662430611 0.0781547425279873 0.120899348776422
0.029765914072635 0.0693696555603004 0.0461851827922619 0.0576899375731216
0.070363897633685 0.0477386490263014 0.0719661171908814 0.131414323246083
0.0501851233613867 0.0517078460845331 0.0561009817671809 0.0874649164925491
0.0617375574745465 0.0669245034139346 0.0551280234301202 0.0584675868261315
0.0921188378458278 0.0585094800458772 0.0601467418775294 0.0868319556823465
0.061466351219389 0.0682348285637495 0.0546553506887603 0.119501911504771
0.074153683751438 0.0872980050159634 0.0448134747875223 0.10798844383508
0.0772597146878554 0.0572054438877959 0.0478690630372397 0.106910061206836
0.0460560860348885 0.0839733235293802 0.0226178742886211 0.0637098518993227
0.0975090996956117 0.054158001667594 0.0811904674749058 0.133313597394856
0.100949116339959 0.106830264628591 0.0739936213689914 0.0795631025895101
0.0716002489007376 0.104946424215683 0.0822064496108799 0.140278838522246
0.109251132137827 0.0865758557828641 0.0543956727620183 0.0764773445590628
0.0674446991509903 0.0517942787542617 0.0413010707898795 0.0285944700930069
